# This file should be in the working directory.
#
# Data from
# 'Evaluation of atomic shell data'
# Nuclear Instruments and Methods in Physics Research A 369 (1996) 527-533
# E. Schonfeld, H. Janssen
#
# Z   = Element
# Wk  = K-shell fluorescence yield
# x   = p(Kb) / p(Ka)
# z   = p(Ka2) / p(Kb1)
# u   = p(KLX) / p(KLL)
# v   = p(KXY) / p(KLL)
# nKL = Vacancy transfer coefficient
# Wl  = Mean L-shell fluorescence yield
#
# Z     Wk         x           z         u        v          nKL      Wl
#--------------------------------------------------------------------------------------------------------
10 Ne 0.0152(8)    -        0.5028(25)   -          -        1.985(6)  - 
11 Na 0.0213(9)  0.0084(25) 0.5029(25) 0.017(6)  0.00007(4)  1.962(6)  -
12 Mg 0.0291(9)  0.017(4)   0.5031(25) 0.034(8)  0.00029(12) 1.938(6)  -
13 Al 0.0387(12) 0.021(3)   0.5033(25) 0.042(6)  0.00044(12) 1.921(6)  -
14 Si 0.0504(13) 0.029(3)   0.5037(25) 0.058(6)  0.00084(17) 1.895(7)  -
15 P  0.0642(16) 0.043(4)   0.5048(25) 0.086(8)  0.0018(3)   1.856(7)  -
16 S  0.0804(19) 0.062(4)   0.5053(25) 0.124(5)  0.0038(5)   1.807(7)  -
17 Cl 0.0989(24) 0.086(4)   0.5056(25) 0.172(5)  0.0074(6)   1.751(6)  -
18 Ar 0.1199(28) 0.1079(30) 0.5049(25) 0.216(5)  0.0116(6)   1.697(6)  -
19 K  0.143(4)   0.1225(24) 0.5055(25) 0.245(5)  0.0150(6)   1.697(6)  -
20 Ca 0.169(4)   0.1296(23) 0.5061(25) 0.259(5)  0.0168(6)   1.621(6)  -
21 Sc 0.196(5)   0.1319(21) 0.5069(25) 0.264(4)  0.0174(6)   1.594(5)  -
22 Ti 0.226(5)   0.1325(18) 0.5076(25) 0.265(4)  0.0176(5)   1.566(5)  -
23 V  0.256(5)   0.1334(16) 0.5083(25) 0.267(3)  0.0178(4)   1.539(5)  -
24 Cr 0.289(5)   0.1346(14) 0.5091(25) 0.269(3)  0.0181(4)   1.508(5)  -
25 Mn 0.321(5)   0.1359(14) 0.5099(25) 0.272(3)  0.0185(4)   1.478(4) 0.0047(7) 
26 Fe 0.355(4)   0.1368(14) 0.5107(25) 0.274(3)  0.0187(4)   1.447(4) 0.0060(6) 
27 Co 0.388(4)   0.1372(14) 0.5116(25) 0.274(3)  0.0188(4)   1.418(4) 0.0072(S) 
28 Ni 0.421(4)   0.1378(14) 0.5124(25) 0.276(3)  0.0190(4)   1.388(4) 0.0084(4) 
29 Cu 0.454(4)   0.1391(14) 0.5133(25) 0.278(3)  0.0193(4)   1.357(4) 0.0097(4) 
30 Zn 0.486(4)   0.1417(12) 0.5142(25) 0.283(3)  0.0201(4)   1.326(4) 0.0108(4) 
31 Ga 0.517(4)   0.1457(12) 0.5146(25) 0.291(3)  0.0212(S)   1.294(4) 0.0123(4) 
32 Ge 0.546(4)   0.1509(12) 0.5149(2S) 0.302(3)  0.0228(4)   1.263(4) 0.0140(4) 
33 As 0.575(4)   0.1566(13) 0.5153(25) 0.313(3)  0.0245(5)   1.232(4) 0.0155(5) 
34 Se 0.602(4)   0.1626(13) 0.5158(25) 0.325(3)  0.0264(5)   1.202(4) 0.0175(5) 
35 Br 0.628(4)   0.1683(14) 0.5181(25) 0.337(3)  0.0283(5)   1.174(4) 0.0194(S) 
36 Kr 0.652(4)   0.1737(14) 0.5186(25) 0.347(3)  0.0302(6)   1.149(4) 0.0215(6) 
37 Rb 0.674(4)   0.1788(15) 0.5195(25) 0.358(3)  0.0320(6)   1.125(4) 0.0237(6) 
38 Sr 0.696(4)   0.1835(15) 0.5205(25) 0.367(3)  0.0337(6)   1.102(4) 0.0262(7) 
39 Y  0.716(4)   0.1878(16) 0.5215(25) 0.376(3)  0.0353(6)   1.081(4) 0.0289(7) 
40 Zr 0.734(4)   0.1918(16) 0.5225(25) 0.384(3)  0.0368(6)   1.062(4) 0.0317(8) 
41 Nb 0.751(4)   0.1953(16) 0.5236(25) 0.391(4)  0.0381(7)   1.045(4) 0.0347(9) 
42 Mo 0.767(4)   0.1986(16) 0.5247(25) 0.397(4)  0.0394(7)   1.029(4) 0.0381(9) 
43 Tc 0.782(4)   0.2017(17) 0.5259(25) 0.403(4)  0.0407(7)   1.014(4) 0.0415(10) 
44 Ru 0.796(4)   0.2045(17) 0.5270(25) 0.409(4)  0.0418(7)   1.000(4) 0.0453(11) 
45 Rh 0.809(4)   0.2072(17) 0.5282(25) 0.414(4)  0.0429(7)   0.987(4) 0.0494(12) 
46 Pd 0.820(4)   0.2099(17) 0.5293(25) 0.420(4)  0.0440(7)   0.975(4) 0.0536(13) 
47 Ag 0.831(4)   0.2125(17) 0.5305(25) 0.425(4)  0.0451(7)   0.964(4) 0.0583(14) 
48 Cd 0.842(4)   0.2151(18) 0.5317(25) 0.430(4)  0.0463(7)   0.953(4) 0.0632(16) 
49 In 0.851(4)   0.2178(18) 0.5330(25) 0.436(4)  0.0474(10)  0.944(4) 0.0684(20) 
50 Sn 0.860(4)   0.2206(18) 0.5343(25) 0.441(4)  0.0487(10)  0.934(4) 0.0740(25) 
51 Sb 0.868(4)   0.2236(23) 0.5356(25) 0.447(5)  0.0500(10)  0.925(4) 0.0796(30) 
52 Te 0.875(4)   0.2266(23) 0.5370(25) 0.453(5)  0.0513(10)  0.917(4) 0.0862(35) 
53 I  0.882(4)   0.2296(23) 0.5384(25) 0.459(5)  0.0527(11)  0.909(4) 0.092(4) 
54 Xe 0.888(S)   0.2327(24) 0.5398(25) 0.465(5)  0.0541(11)  0.902(4) 0.097(5) 
55 Cs 0.894(4)   0.2358(24) 0.5413(25) 0.472(5)  0.0556(11)  0.895(4) 0.104(5) 
56 Ba 0.900(4)   0.2387(24) 0.5428(25) 0.477(5)  0.0570(12)  0.888(4) 0.110(5) 
57 La 0.905(4)   0.2416(25) 0.5444(25) 0.483(5)  0.0584(12)  0.882(4) 0.117(5) 
58 Ce 0.910(4)   0.2443(25) 0.5460(25) 0.489(5)  0.0597(12)  0.876(4) 0.125(5) 
59 Pr 0.914(4)   0.3469(25) 0.5476(25) 0.494(5)  0.0613(12)  0.871(4) 0.132(5) 
60 Nd 0.918(4)   0.2492(25) 0.5491(25) 0.498(5)  0.0621(13)  0.866(4) 0.140(6) 
61 Pm 0.922(4)   0.2513(26) 0.5508(25) 0.503(6)  0.0632(13)  0.861(4) 0.148(6) 
62 Sm 0.926(4)   0.2533(26) 0.5525(25) 0.507(6)  0.0642(13)  0.857(4) 0.158(6) 
63 Eu 0.929(4)   0.2550(26) 0.5542(25) 0.510(6)  0.0650(13)  0.853(4) 0.168(7) 
64 Gd 0.932(4)   0.2566(26) 0.5559(25) 0.513(6)  0.0658(13)  0.850(4) 0.176(6) 
65 Tb 0.935(4)   0.2581(26) 0.5577(25) 0.516(6)  0.0666(13)  0.847(4) 0.186(8) 
66 Dy 0.938(4)   0.2594(26) 0.5596(25) 0.519(6)  0.0673(14)  0.843(4) 0.196(8) 
67 Ho 0.940(4)   0.2607(27) 0.5615(25) 0.521(6)  0.0680(14)  0.841(4) 0.206(8) 
68 Er 0.942(4)   0.2619(27) 0.5634(25) 0.524(6)  0.0686(14)  0.838(4) 0.216(9) 
69 Tm 0.945(4)   0.2630(27) 0.5664(25) 0.526(6)  0.0692(14)  0.835(4) 0.227(9) 
70 Yb 0.947(4)   0.2641(27) 0.5673(25) 0.528(6)  0.0697(14)  0.833(4) 0.238(10) 
71 Lu 0.949(4)   0.265(4)   0.5694(25) 0.530(8)  0.0702(17)  0.831(4) 0.248(10) 
72 Hf 0.951(4)   0.266(4)   0.5714(25) 0.532(8)  0.0708(17)  0.829(4) 0.260(10) 
73 Ta 0.952(4)   0.267(4)   0.5736(25) 0.534(8)  0.0713(17)  0.827(4) 0.272(11) 
74 W  0.954(4)   0.268(4)   0.5757(25) 0.537(8)  0.0718(17)  0.825(4) 0.283(11) 
75 Re 0.955(4)   0.269(4)   0.5780(25) 0.538(8)  0.0724(18)  0.823(4) 0.295(12) 
76 Os 0.957(4)   0.271(4)   0.5803(25) 0.542(8)  0.0734(18)  0.821(4) 0.308(12) 
77 Ir 0.958(4)   0.272(4)   0.5827(25) 0.544(8)  0.0740(18)  0.819(4) 0.319(13) 
78 Pt 0.959(4)   0.273(4)   0.5850(25) 0.546(8)  0.0745(18)  0.818(4) 0.331(13) 
79 Au 0.960(4)   0.274(4)   0.5874(25) 0.548(8)  0.0751(18)  0.816(4) 0.343(14) 
80 Hg 0.962(4)   0.276(4)   0.5899(25) 0.552(8)  0.0762(18)  0.813(4) 0.355(14) 
81 Tl 0.963(4)   0.277(4)   0.5924(25) 0.554(8)  0.0767(21)  0.812(5) 0.367(15) 
82 Pb 0.963(4)   0.279(4)   0.5950(25) 0.558(8)  0.0778(22)  0.811(5) 0.379(15) 
83 Bi 0.964(4)   0.280(4)   0.5977(25) 0.560(8)  0.0784(22)  0.809(5) 0.391(16) 
84 Po 0.965(4)   0.282(4)   0.6005(25) 0.564(8)  0.0795(22)  0.807(5) 0.403(16) 
85 At 0.966(4)   0.284(4)   0.6033(25) 0.568(8)  0.0807(22)  0.805(5) 0.416(17) 
86 Rn 0.967(4)   0.285(4)   0.6062(25) 0.570(8)  0.0812(23)  0.804(5) 0.428(17) 
87 Fr 0.967(4)   0.287(4)   0.6092(25) 0.574(8)  0.0824(23)  0.803(5) 0.440(18) 
88 Ra 0.968(4)   0.289(4)   0.6122(25) 0.578(8)  0.0835(23)  0.801(5) 0.452(18) 
89 Ac 0.969(4)   0.291(4)   0.6152(25) 0.582(8)  0.0847(24)  0.799(5) 0.464(18) 
90 Th 0.969(4)   0.294(4)   0.6182(25) 0.588(8)  0.0864(24)  0.797(5) 0.476(18) 
91 Pa 0.970(4)   0.296(5)   0.6214(25) 0.592(10) 0.0876(28)  0.795(5) 0.488(18) 
92 U  0.970(4)   0.298(5)   0.6247(25) 0.596(10) 0.0888(28)  0.794(5) 0.500(19) 
93 Np 0.971(4)   0.301(5)   0.6282(25) 0.602(10) 0.0906(29)  0.791(5) 0.511(20) 
94 Pu 0.971(4)   0.303(5)   0.6317(25) 0.606(10) 0.0918(29)  0.790(5) 0.521(20) 
95 Am 0.971(4)   0.306(5)   0.6352(25) 0.612(10) 0.094(3)    0.788(S) 0.530(22) 
96 Cm 0.972(4)   0.309(6)   0.6387(25) 0.618(12) 0.095(4)    0.785(5) 0.538(23) 
97 Bk 0.972(4)   0.311(6)   0.6424(25) 0.622(12) 0.097(4)    0.782(5) 0.546(24) 
98 Cf 0.972(4)   0.314(7)   0.6462(25) 0.628(14) 0.099(5)    0.782(6) 0.553(25) 
99 Es 0.973(4)   0.317(5)   0.6500(25) 0.634(16) 0.100(5)    0.780(6) 0.560(26) 
100 Fm 0.973(4)  0.321(9)   0.6538(25) 0.642(18) 0.103(6)    0.777(7) 0.567(27)
101 Md 0.973(4)  0.321(9)   0.6538(25) 0.642(18) 0.103(6)    0.777(7) 0.567(27)
102 Nb 0.973(4)  0.321(9)   0.6538(25) 0.642(18) 0.103(6)    0.777(7) 0.567(27)
103 Lr 0.973(4)  0.321(9)   0.6538(25) 0.642(18) 0.103(6)    0.777(7) 0.567(27)
104 Rf 0.973(4)  0.321(9)   0.6538(25) 0.642(18) 0.103(6)    0.777(7) 0.567(27)